/*--------------------------------*- C++ -*----------------------------------*\ 
| =========                 |                                                 | 
| \\      /  F ield         | OpenFOAM: The Open Source CFD Toolbox           | 
|  \\    /   O peration     | Version:  2.3.1                                 | 
|   \\  /    A nd           | Web:      www.OpenFOAM.org                      | 
|    \\/     M anipulation  |                                                 | 
\*---------------------------------------------------------------------------*/ 
FoamFile
{
    version     2.0;
    format      ascii;
    class       volScalarField;
    location    "0";
    object      k;
}
// * * * * * * * * * * * * * * * * * * * * * * * * * * * * * * * * * * * * * //

dimensions      [0 2 -2 0 0 0 0];

internalField   uniform 0.0176;

boundaryField
{
    INLET
    {
        type			fixedValue;
        value           nonuniform List<scalar> 
3180 
 (
0.00003257
0.00048089
0.00088686
0.00105590
0.00113062
0.00116726
0.00118364
0.00118969
0.00118807
0.00118079
0.00116927
0.00115399
0.00113519
0.00111308
0.00108782
0.00105942
0.00102787
0.00099314
0.00095524
0.00003770
0.00052615
0.00092114
0.00107432
0.00113989
0.00117201
0.00118623
0.00118986
0.00118623
0.00117754
0.00116439
0.00114740
0.00112702
0.00110335
0.00107646
0.00104633
0.00101297
0.00097641
0.00093649
0.00004177
0.00056211
0.00094350
0.00108593
0.00114726
0.00117529
0.00118789
0.00118947
0.00118476
0.00117462
0.00116018
0.00114208
0.00112053
0.00109562
0.00106741
0.00103597
0.00100127
0.00096333
0.00092153
0.00004483
0.00058920
0.00095581
0.00109257
0.00115157
0.00117776
0.00118838
0.00118918
0.00118342
0.00117224
0.00115701
0.00113807
0.00111558
0.00108972
0.00106059
0.00102817
0.00099245
0.00095345
0.00091023
0.00004696
0.00060811
0.00096440
0.00109720
0.00115389
0.00117948
0.00118872
0.00118897
0.00118229
0.00117058
0.00115480
0.00113522
0.00111208
0.00108560
0.00105582
0.00102271
0.00098628
0.00094655
0.00090233
0.00004827
0.00061964
0.00096964
0.00110003
0.00115531
0.00118054
0.00118893
0.00118885
0.00118159
0.00116957
0.00115344
0.00113343
0.00110993
0.00108308
0.00105290
0.00101938
0.00098251
0.00094232
0.00089781
0.00004884
0.00062471
0.00097194
0.00110127
0.00115593
0.00118094
0.00118902
0.00118878
0.00118129
0.00116913
0.00115285
0.00113265
0.00110899
0.00108198
0.00105162
0.00101791
0.00098085
0.00094045
0.00089591
0.00004879
0.00062422
0.00097171
0.00110115
0.00115587
0.00118092
0.00118901
0.00118879
0.00118132
0.00116917
0.00115291
0.00113272
0.00110908
0.00108208
0.00105174
0.00101805
0.00098100
0.00094062
0.00089608
0.00004821
0.00061916
0.00096942
0.00109991
0.00115525
0.00118049
0.00118892
0.00118885
0.00118162
0.00116961
0.00115350
0.00113350
0.00111002
0.00108318
0.00105301
0.00101950
0.00098264
0.00094246
0.00089794
0.00004724
0.00061059
0.00096553
0.00109781
0.00115420
0.00117971
0.00118876
0.00118895
0.00118213
0.00117036
0.00115450
0.00113482
0.00111160
0.00108504
0.00105516
0.00102196
0.00098542
0.00094557
0.00090120
0.00004601
0.00059970
0.00096059
0.00109515
0.00115286
0.00117872
0.00118857
0.00118906
0.00118279
0.00117132
0.00115577
0.00113650
0.00111362
0.00108741
0.00105791
0.00102509
0.00098897
0.00094954
0.00090574
0.00004466
0.00058778
0.00095517
0.00109223
0.00115140
0.00117763
0.00118836
0.00118919
0.00118350
0.00117236
0.00115717
0.00113827
0.00111582
0.00109001
0.00106091
0.00102853
0.00099285
0.00095389
0.00091071
0.00004336
0.00057629
0.00094996
0.00108942
0.00114999
0.00117659
0.00118815
0.00118932
0.00118417
0.00117337
0.00115851
0.00113997
0.00111794
0.00109250
0.00106380
0.00103183
0.00099659
0.00095807
0.00091550
0.00004230
0.00056693
0.00094570
0.00108713
0.00114826
0.00117573
0.00118798
0.00118942
0.00118456
0.00117419
0.00115961
0.00114135
0.00111963
0.00109454
0.00106616
0.00103453
0.00099964
0.00096148
0.00091940
0.00004169
0.00056148
0.00094323
0.00108579
0.00114714
0.00117523
0.00118788
0.00118948
0.00118478
0.00117467
0.00116025
0.00114216
0.00112062
0.00109573
0.00106753
0.00103610
0.00100141
0.00096347
0.00092167
0.00004169
0.00056148
0.00094323
0.00108579
0.00114714
0.00117523
0.00118788
0.00118948
0.00118478
0.00117467
0.00116025
0.00114216
0.00112062
0.00109573
0.00106753
0.00103610
0.00100141
0.00096347
0.00092167
0.00004230
0.00056693
0.00094570
0.00108713
0.00114826
0.00117573
0.00118798
0.00118942
0.00118456
0.00117419
0.00115961
0.00114135
0.00111963
0.00109454
0.00106616
0.00103453
0.00099964
0.00096148
0.00091940
0.00004336
0.00057630
0.00094996
0.00108942
0.00114999
0.00117659
0.00118815
0.00118932
0.00118417
0.00117337
0.00115851
0.00113997
0.00111794
0.00109250
0.00106380
0.00103183
0.00099659
0.00095807
0.00091550
0.00004466
0.00058779
0.00095517
0.00109223
0.00115140
0.00117763
0.00118836
0.00118919
0.00118350
0.00117236
0.00115717
0.00113827
0.00111582
0.00109001
0.00106091
0.00102853
0.00099285
0.00095389
0.00091071
0.00004601
0.00059970
0.00096059
0.00109515
0.00115286
0.00117872
0.00118857
0.00118906
0.00118279
0.00117132
0.00115577
0.00113650
0.00111362
0.00108741
0.00105791
0.00102509
0.00098897
0.00094954
0.00090574
0.00004724
0.00061059
0.00096553
0.00109781
0.00115420
0.00117971
0.00118876
0.00118895
0.00118213
0.00117036
0.00115450
0.00113482
0.00111160
0.00108504
0.00105516
0.00102196
0.00098542
0.00094557
0.00090120
0.00004821
0.00061914
0.00096942
0.00109991
0.00115525
0.00118049
0.00118892
0.00118885
0.00118162
0.00116961
0.00115350
0.00113350
0.00111002
0.00108318
0.00105301
0.00101950
0.00098264
0.00094246
0.00089794
0.00004878
0.00062421
0.00097172
0.00110115
0.00115587
0.00118092
0.00118901
0.00118879
0.00118132
0.00116917
0.00115291
0.00113272
0.00110908
0.00108208
0.00105174
0.00101805
0.00098100
0.00094062
0.00089608
0.00004884
0.00062470
0.00097194
0.00110127
0.00115593
0.00118094
0.00118902
0.00118878
0.00118129
0.00116913
0.00115285
0.00113265
0.00110899
0.00108198
0.00105162
0.00101791
0.00098085
0.00094045
0.00089591
0.00004827
0.00061965
0.00096964
0.00110003
0.00115531
0.00118054
0.00118893
0.00118885
0.00118159
0.00116957
0.00115344
0.00113343
0.00110993
0.00108308
0.00105290
0.00101938
0.00098251
0.00094232
0.00089781
0.00004697
0.00060810
0.00096440
0.00109720
0.00115389
0.00117948
0.00118872
0.00118897
0.00118229
0.00117058
0.00115480
0.00113522
0.00111208
0.00108560
0.00105582
0.00102271
0.00098628
0.00094655
0.00090233
0.00004483
0.00058919
0.00095581
0.00109257
0.00115157
0.00117776
0.00118838
0.00118918
0.00118342
0.00117224
0.00115701
0.00113807
0.00111558
0.00108972
0.00106059
0.00102817
0.00099245
0.00095345
0.00091023
0.00004177
0.00056210
0.00094350
0.00108593
0.00114726
0.00117529
0.00118789
0.00118947
0.00118476
0.00117462
0.00116018
0.00114208
0.00112053
0.00109562
0.00106741
0.00103597
0.00100128
0.00096333
0.00092153
0.00003770
0.00052616
0.00092114
0.00107432
0.00113989
0.00117201
0.00118623
0.00118986
0.00118623
0.00117754
0.00116439
0.00114740
0.00112702
0.00110335
0.00107646
0.00104633
0.00101297
0.00097641
0.00093649
0.00003257
0.00048088
0.00088685
0.00105589
0.00113061
0.00116726
0.00118364
0.00118969
0.00118807
0.00118079
0.00116927
0.00115399
0.00113519
0.00111308
0.00108782
0.00105942
0.00102787
0.00099314
0.00095524
0.00003257
0.00048089
0.00088686
0.00105589
0.00113061
0.00116726
0.00118364
0.00118969
0.00118807
0.00118079
0.00116927
0.00115399
0.00113519
0.00111308
0.00108782
0.00105942
0.00102787
0.00099314
0.00095524
0.00003770
0.00052616
0.00092114
0.00107432
0.00113989
0.00117201
0.00118623
0.00118986
0.00118623
0.00117754
0.00116439
0.00114740
0.00112702
0.00110335
0.00107646
0.00104633
0.00101297
0.00097641
0.00093649
0.00004177
0.00056210
0.00094350
0.00108593
0.00114726
0.00117529
0.00118789
0.00118947
0.00118476
0.00117462
0.00116018
0.00114208
0.00112053
0.00109562
0.00106741
0.00103597
0.00100128
0.00096333
0.00092153
0.00004483
0.00058918
0.00095581
0.00109257
0.00115157
0.00117776
0.00118838
0.00118918
0.00118342
0.00117224
0.00115701
0.00113807
0.00111558
0.00108972
0.00106059
0.00102817
0.00099245
0.00095345
0.00091023
0.00004697
0.00060811
0.00096440
0.00109720
0.00115389
0.00117948
0.00118872
0.00118897
0.00118229
0.00117058
0.00115480
0.00113522
0.00111208
0.00108560
0.00105582
0.00102271
0.00098628
0.00094655
0.00090233
0.00004827
0.00061964
0.00096964
0.00110003
0.00115531
0.00118054
0.00118893
0.00118885
0.00118159
0.00116957
0.00115344
0.00113343
0.00110993
0.00108308
0.00105290
0.00101938
0.00098251
0.00094232
0.00089781
0.00004884
0.00062470
0.00097194
0.00110127
0.00115593
0.00118094
0.00118902
0.00118878
0.00118129
0.00116913
0.00115285
0.00113265
0.00110899
0.00108198
0.00105162
0.00101791
0.00098085
0.00094045
0.00089591
0.00004878
0.00062420
0.00097171
0.00110115
0.00115587
0.00118092
0.00118901
0.00118879
0.00118132
0.00116917
0.00115291
0.00113272
0.00110908
0.00108208
0.00105174
0.00101805
0.00098100
0.00094062
0.00089608
0.00004821
0.00061915
0.00096942
0.00109991
0.00115525
0.00118049
0.00118892
0.00118885
0.00118162
0.00116961
0.00115350
0.00113350
0.00111002
0.00108318
0.00105301
0.00101950
0.00098264
0.00094246
0.00089794
0.00004724
0.00061059
0.00096553
0.00109781
0.00115420
0.00117971
0.00118876
0.00118895
0.00118213
0.00117036
0.00115450
0.00113482
0.00111160
0.00108504
0.00105516
0.00102196
0.00098542
0.00094557
0.00090120
0.00004601
0.00059970
0.00096059
0.00109515
0.00115286
0.00117872
0.00118857
0.00118906
0.00118279
0.00117132
0.00115577
0.00113650
0.00111362
0.00108741
0.00105791
0.00102509
0.00098897
0.00094954
0.00090574
0.00004466
0.00058778
0.00095517
0.00109223
0.00115140
0.00117763
0.00118836
0.00118919
0.00118350
0.00117236
0.00115717
0.00113827
0.00111582
0.00109001
0.00106091
0.00102853
0.00099285
0.00095389
0.00091071
0.00004336
0.00057631
0.00094996
0.00108942
0.00114999
0.00117659
0.00118815
0.00118932
0.00118417
0.00117337
0.00115851
0.00113997
0.00111794
0.00109250
0.00106380
0.00103183
0.00099659
0.00095807
0.00091550
0.00004231
0.00056694
0.00094570
0.00108713
0.00114826
0.00117573
0.00118798
0.00118942
0.00118456
0.00117419
0.00115961
0.00114135
0.00111963
0.00109454
0.00106616
0.00103453
0.00099964
0.00096148
0.00091940
0.00004169
0.00056150
0.00094323
0.00108579
0.00114715
0.00117524
0.00118788
0.00118948
0.00118478
0.00117467
0.00116025
0.00114216
0.00112062
0.00109573
0.00106753
0.00103610
0.00100141
0.00096347
0.00092167
0.00004169
0.00056150
0.00094323
0.00108579
0.00114715
0.00117524
0.00118788
0.00118948
0.00118478
0.00117467
0.00116025
0.00114216
0.00112062
0.00109573
0.00106753
0.00103610
0.00100141
0.00096347
0.00092167
0.00004231
0.00056694
0.00094570
0.00108713
0.00114826
0.00117573
0.00118798
0.00118942
0.00118456
0.00117419
0.00115961
0.00114135
0.00111963
0.00109454
0.00106616
0.00103453
0.00099964
0.00096148
0.00091940
0.00004336
0.00057631
0.00094996
0.00108942
0.00114999
0.00117659
0.00118815
0.00118932
0.00118417
0.00117337
0.00115851
0.00113997
0.00111794
0.00109250
0.00106380
0.00103183
0.00099659
0.00095807
0.00091550
0.00004466
0.00058778
0.00095517
0.00109223
0.00115140
0.00117763
0.00118836
0.00118919
0.00118350
0.00117236
0.00115717
0.00113827
0.00111582
0.00109001
0.00106091
0.00102853
0.00099285
0.00095389
0.00091071
0.00004601
0.00059970
0.00096058
0.00109515
0.00115286
0.00117872
0.00118857
0.00118906
0.00118279
0.00117132
0.00115577
0.00113650
0.00111362
0.00108741
0.00105790
0.00102509
0.00098897
0.00094954
0.00090574
0.00004724
0.00061059
0.00096553
0.00109781
0.00115420
0.00117971
0.00118876
0.00118895
0.00118213
0.00117036
0.00115450
0.00113482
0.00111160
0.00108504
0.00105516
0.00102196
0.00098542
0.00094557
0.00090120
0.00004821
0.00061914
0.00096941
0.00109991
0.00115525
0.00118049
0.00118892
0.00118885
0.00118162
0.00116961
0.00115350
0.00113350
0.00111002
0.00108318
0.00105301
0.00101950
0.00098264
0.00094246
0.00089794
0.00004878
0.00062419
0.00097171
0.00110115
0.00115587
0.00118092
0.00118901
0.00118879
0.00118132
0.00116917
0.00115291
0.00113272
0.00110908
0.00108208
0.00105174
0.00101805
0.00098100
0.00094062
0.00089608
0.00004883
0.00062469
0.00097194
0.00110127
0.00115593
0.00118094
0.00118902
0.00118878
0.00118129
0.00116913
0.00115285
0.00113265
0.00110899
0.00108198
0.00105162
0.00101791
0.00098085
0.00094045
0.00089591
0.00004826
0.00061963
0.00096964
0.00110003
0.00115530
0.00118054
0.00118893
0.00118885
0.00118159
0.00116957
0.00115344
0.00113343
0.00110993
0.00108308
0.00105290
0.00101938
0.00098251
0.00094232
0.00089781
0.00004696
0.00060808
0.00096439
0.00109720
0.00115389
0.00117948
0.00118872
0.00118897
0.00118229
0.00117058
0.00115480
0.00113522
0.00111208
0.00108560
0.00105582
0.00102271
0.00098628
0.00094655
0.00090233
0.00004482
0.00058916
0.00095580
0.00109257
0.00115157
0.00117776
0.00118838
0.00118918
0.00118342
0.00117224
0.00115701
0.00113807
0.00111558
0.00108972
0.00106059
0.00102817
0.00099245
0.00095345
0.00091023
0.00004175
0.00056207
0.00094349
0.00108593
0.00114726
0.00117529
0.00118789
0.00118947
0.00118476
0.00117462
0.00116018
0.00114208
0.00112053
0.00109562
0.00106741
0.00103597
0.00100127
0.00096333
0.00092153
0.00003769
0.00052612
0.00092112
0.00107432
0.00113989
0.00117201
0.00118623
0.00118986
0.00118623
0.00117754
0.00116439
0.00114740
0.00112702
0.00110335
0.00107646
0.00104633
0.00101297
0.00097641
0.00093649
0.00003257
0.00048087
0.00088686
0.00105589
0.00113061
0.00116726
0.00118364
0.00118969
0.00118807
0.00118079
0.00116927
0.00115399
0.00113519
0.00111308
0.00108782
0.00105942
0.00102787
0.00099314
0.00095524
0.00092344
0.00090223
0.00088676
0.00087493
0.00086628
0.00086051
0.00085732
0.00085636
0.00085727
0.00085964
0.00086304
0.00086698
0.00087088
0.00087413
0.00087605
0.00087605
0.00087413
0.00087088
0.00086698
0.00086304
0.00085964
0.00085727
0.00085636
0.00085732
0.00086051
0.00086628
0.00087493
0.00088676
0.00090223
0.00092344
0.00090223
0.00088104
0.00086347
0.00084917
0.00083797
0.00082964
0.00082392
0.00082052
0.00081912
0.00081937
0.00082087
0.00082318
0.00082579
0.00082812
0.00082954
0.00082954
0.00082812
0.00082579
0.00082318
0.00082087
0.00081937
0.00081912
0.00082052
0.00082392
0.00082964
0.00083797
0.00084917
0.00086347
0.00088104
0.00090223
0.00088676
0.00086347
0.00084335
0.00082636
0.00081236
0.00080152
0.00079346
0.00078767
0.00078391
0.00078189
0.00078130
0.00078176
0.00078285
0.00078408
0.00078492
0.00078492
0.00078408
0.00078285
0.00078176
0.00078130
0.00078189
0.00078391
0.00078767
0.00079346
0.00080152
0.00081236
0.00082636
0.00084335
0.00086347
0.00088676
0.00087493
0.00084917
0.00082636
0.00080652
0.00079044
0.00077698
0.00076603
0.00075780
0.00075173
0.00074748
0.00074481
0.00074343
0.00074300
0.00074313
0.00074338
0.00074338
0.00074313
0.00074300
0.00074343
0.00074481
0.00074748
0.00075173
0.00075780
0.00076603
0.00077698
0.00079044
0.00080652
0.00082636
0.00084917
0.00087493
0.00086628
0.00083797
0.00081236
0.00079044
0.00077137
0.00075538
0.00074216
0.00073118
0.00072243
0.00071604
0.00071135
0.00070817
0.00070625
0.00070530
0.00070497
0.00070497
0.00070530
0.00070625
0.00070817
0.00071135
0.00071604
0.00072243
0.00073118
0.00074216
0.00075538
0.00077137
0.00079044
0.00081236
0.00083797
0.00086628
0.00086051
0.00082964
0.00080152
0.00077698
0.00075538
0.00073683
0.00072074
0.00070762
0.00069656
0.00068749
0.00068085
0.00067595
0.00067258
0.00067057
0.00066967
0.00066967
0.00067057
0.00067258
0.00067595
0.00068085
0.00068749
0.00069656
0.00070762
0.00072074
0.00073683
0.00075538
0.00077698
0.00080152
0.00082964
0.00086051
0.00085732
0.00082392
0.00079346
0.00076603
0.00074216
0.00072074
0.00070255
0.00068642
0.00067340
0.00066232
0.00065321
0.00064668
0.00064194
0.00063891
0.00063747
0.00063747
0.00063891
0.00064194
0.00064668
0.00065321
0.00066232
0.00067340
0.00068642
0.00070255
0.00072074
0.00074216
0.00076603
0.00079346
0.00082392
0.00085732
0.00085636
0.00082052
0.00078767
0.00075780
0.00073118
0.00070762
0.00068642
0.00066857
0.00065260
0.00063980
0.00062893
0.00062031
0.00061432
0.00061034
0.00060837
0.00060837
0.00061034
0.00061432
0.00062031
0.00062893
0.00063980
0.00065260
0.00066857
0.00068642
0.00070762
0.00073118
0.00075780
0.00078767
0.00082052
0.00085636
0.00085727
0.00081912
0.00078391
0.00075173
0.00072243
0.00069656
0.00067340
0.00065260
0.00063517
0.00061974
0.00060741
0.00059710
0.00058971
0.00058487
0.00058242
0.00058242
0.00058487
0.00058971
0.00059710
0.00060741
0.00061974
0.00063517
0.00065260
0.00067340
0.00069656
0.00072243
0.00075173
0.00078391
0.00081912
0.00085727
0.00085964
0.00081937
0.00078189
0.00074748
0.00071604
0.00068749
0.00066232
0.00063980
0.00061974
0.00060290
0.00058856
0.00057707
0.00056815
0.00056257
0.00055969
0.00055969
0.00056257
0.00056815
0.00057707
0.00058856
0.00060290
0.00061974
0.00063980
0.00066232
0.00068749
0.00071604
0.00074748
0.00078189
0.00081937
0.00085964
0.00086304
0.00082087
0.00078130
0.00074481
0.00071135
0.00068085
0.00065321
0.00062893
0.00060741
0.00058856
0.00057257
0.00055999
0.00054985
0.00054355
0.00054029
0.00054029
0.00054355
0.00054985
0.00055999
0.00057257
0.00058856
0.00060741
0.00062893
0.00065321
0.00068085
0.00071135
0.00074481
0.00078130
0.00082087
0.00086304
0.00086698
0.00082318
0.00078176
0.00074343
0.00070817
0.00067595
0.00064668
0.00062031
0.00059710
0.00057707
0.00055999
0.00054581
0.00053517
0.00052790
0.00052437
0.00052437
0.00052790
0.00053517
0.00054581
0.00055999
0.00057707
0.00059710
0.00062031
0.00064668
0.00067595
0.00070817
0.00074343
0.00078176
0.00082318
0.00086698
0.00087088
0.00082579
0.00078285
0.00074300
0.00070625
0.00067258
0.00064194
0.00061432
0.00058971
0.00056815
0.00054985
0.00053517
0.00052387
0.00051577
0.00051213
0.00051213
0.00051577
0.00052387
0.00053517
0.00054985
0.00056815
0.00058971
0.00061432
0.00064194
0.00067258
0.00070625
0.00074300
0.00078285
0.00082579
0.00087088
0.00087413
0.00082812
0.00078408
0.00074313
0.00070530
0.00067057
0.00063891
0.00061034
0.00058487
0.00056257
0.00054355
0.00052790
0.00051577
0.00050761
0.00050377
0.00050377
0.00050761
0.00051577
0.00052790
0.00054355
0.00056257
0.00058487
0.00061034
0.00063891
0.00067057
0.00070530
0.00074313
0.00078408
0.00082812
0.00087413
0.00087605
0.00082954
0.00078492
0.00074338
0.00070497
0.00066967
0.00063747
0.00060837
0.00058242
0.00055969
0.00054029
0.00052437
0.00051213
0.00050377
0.00050008
0.00050008
0.00050377
0.00051213
0.00052437
0.00054029
0.00055969
0.00058242
0.00060837
0.00063747
0.00066967
0.00070497
0.00074338
0.00078492
0.00082954
0.00087605
0.00087605
0.00082954
0.00078492
0.00074338
0.00070497
0.00066967
0.00063747
0.00060837
0.00058242
0.00055969
0.00054029
0.00052437
0.00051213
0.00050377
0.00050008
0.00050008
0.00050377
0.00051213
0.00052437
0.00054029
0.00055969
0.00058242
0.00060837
0.00063747
0.00066967
0.00070497
0.00074338
0.00078492
0.00082954
0.00087605
0.00087413
0.00082812
0.00078408
0.00074313
0.00070530
0.00067057
0.00063891
0.00061034
0.00058487
0.00056257
0.00054355
0.00052790
0.00051577
0.00050761
0.00050377
0.00050377
0.00050761
0.00051577
0.00052790
0.00054355
0.00056257
0.00058487
0.00061034
0.00063891
0.00067057
0.00070530
0.00074313
0.00078408
0.00082812
0.00087413
0.00087088
0.00082579
0.00078285
0.00074300
0.00070625
0.00067258
0.00064194
0.00061432
0.00058971
0.00056815
0.00054985
0.00053517
0.00052387
0.00051577
0.00051213
0.00051213
0.00051577
0.00052387
0.00053517
0.00054985
0.00056815
0.00058971
0.00061432
0.00064194
0.00067258
0.00070625
0.00074300
0.00078285
0.00082579
0.00087088
0.00086698
0.00082318
0.00078176
0.00074343
0.00070817
0.00067595
0.00064668
0.00062031
0.00059710
0.00057707
0.00055999
0.00054581
0.00053517
0.00052790
0.00052437
0.00052437
0.00052790
0.00053517
0.00054581
0.00055999
0.00057707
0.00059710
0.00062031
0.00064668
0.00067595
0.00070817
0.00074343
0.00078176
0.00082318
0.00086698
0.00086304
0.00082087
0.00078130
0.00074481
0.00071135
0.00068085
0.00065321
0.00062893
0.00060741
0.00058856
0.00057257
0.00055999
0.00054985
0.00054355
0.00054029
0.00054029
0.00054355
0.00054985
0.00055999
0.00057257
0.00058856
0.00060741
0.00062893
0.00065321
0.00068085
0.00071135
0.00074481
0.00078130
0.00082087
0.00086304
0.00085964
0.00081937
0.00078189
0.00074748
0.00071604
0.00068749
0.00066232
0.00063980
0.00061974
0.00060290
0.00058856
0.00057707
0.00056815
0.00056257
0.00055969
0.00055969
0.00056257
0.00056815
0.00057707
0.00058856
0.00060290
0.00061974
0.00063980
0.00066232
0.00068749
0.00071604
0.00074748
0.00078189
0.00081937
0.00085964
0.00085727
0.00081912
0.00078391
0.00075173
0.00072243
0.00069656
0.00067340
0.00065260
0.00063517
0.00061974
0.00060741
0.00059710
0.00058971
0.00058487
0.00058242
0.00058242
0.00058487
0.00058971
0.00059710
0.00060741
0.00061974
0.00063517
0.00065260
0.00067340
0.00069656
0.00072243
0.00075173
0.00078391
0.00081912
0.00085727
0.00085636
0.00082052
0.00078767
0.00075780
0.00073118
0.00070762
0.00068642
0.00066857
0.00065260
0.00063980
0.00062893
0.00062031
0.00061432
0.00061034
0.00060837
0.00060837
0.00061034
0.00061432
0.00062031
0.00062893
0.00063980
0.00065260
0.00066857
0.00068642
0.00070762
0.00073118
0.00075780
0.00078767
0.00082052
0.00085636
0.00085732
0.00082392
0.00079346
0.00076602
0.00074216
0.00072074
0.00070255
0.00068642
0.00067340
0.00066232
0.00065321
0.00064668
0.00064194
0.00063891
0.00063747
0.00063747
0.00063891
0.00064194
0.00064668
0.00065321
0.00066232
0.00067340
0.00068642
0.00070255
0.00072074
0.00074216
0.00076602
0.00079346
0.00082392
0.00085732
0.00086051
0.00082964
0.00080152
0.00077698
0.00075538
0.00073682
0.00072074
0.00070762
0.00069655
0.00068749
0.00068085
0.00067595
0.00067258
0.00067057
0.00066967
0.00066967
0.00067057
0.00067258
0.00067595
0.00068085
0.00068749
0.00069655
0.00070762
0.00072074
0.00073682
0.00075538
0.00077698
0.00080152
0.00082964
0.00086051
0.00086628
0.00083797
0.00081236
0.00079044
0.00077137
0.00075538
0.00074216
0.00073118
0.00072242
0.00071604
0.00071135
0.00070817
0.00070625
0.00070530
0.00070497
0.00070497
0.00070530
0.00070625
0.00070817
0.00071135
0.00071604
0.00072242
0.00073118
0.00074216
0.00075538
0.00077137
0.00079044
0.00081236
0.00083797
0.00086628
0.00087493
0.00084917
0.00082636
0.00080652
0.00079044
0.00077698
0.00076602
0.00075780
0.00075173
0.00074748
0.00074481
0.00074343
0.00074300
0.00074313
0.00074338
0.00074338
0.00074313
0.00074300
0.00074343
0.00074481
0.00074748
0.00075173
0.00075780
0.00076602
0.00077698
0.00079044
0.00080652
0.00082636
0.00084917
0.00087493
0.00088676
0.00086347
0.00084335
0.00082636
0.00081236
0.00080152
0.00079346
0.00078767
0.00078391
0.00078189
0.00078130
0.00078176
0.00078285
0.00078408
0.00078492
0.00078492
0.00078408
0.00078285
0.00078176
0.00078130
0.00078189
0.00078391
0.00078767
0.00079346
0.00080152
0.00081236
0.00082636
0.00084335
0.00086347
0.00088676
0.00090223
0.00088104
0.00086347
0.00084917
0.00083797
0.00082964
0.00082392
0.00082052
0.00081912
0.00081937
0.00082087
0.00082318
0.00082579
0.00082812
0.00082954
0.00082954
0.00082812
0.00082579
0.00082318
0.00082087
0.00081937
0.00081912
0.00082052
0.00082392
0.00082964
0.00083797
0.00084917
0.00086347
0.00088104
0.00090223
0.00092344
0.00090223
0.00088676
0.00087493
0.00086628
0.00086051
0.00085732
0.00085636
0.00085727
0.00085964
0.00086304
0.00086698
0.00087088
0.00087413
0.00087605
0.00087605
0.00087413
0.00087088
0.00086698
0.00086304
0.00085964
0.00085727
0.00085636
0.00085732
0.00086051
0.00086628
0.00087493
0.00088676
0.00090223
0.00092344
0.00003257
0.00048087
0.00088686
0.00105589
0.00113061
0.00116726
0.00118364
0.00118969
0.00118807
0.00118079
0.00116927
0.00115399
0.00113519
0.00111308
0.00108782
0.00105942
0.00102787
0.00099314
0.00095524
0.00003770
0.00052615
0.00092114
0.00107432
0.00113989
0.00117201
0.00118623
0.00118986
0.00118623
0.00117754
0.00116439
0.00114740
0.00112702
0.00110335
0.00107646
0.00104633
0.00101297
0.00097641
0.00093649
0.00004176
0.00056210
0.00094350
0.00108593
0.00114726
0.00117529
0.00118789
0.00118947
0.00118476
0.00117462
0.00116018
0.00114208
0.00112053
0.00109562
0.00106741
0.00103597
0.00100128
0.00096333
0.00092153
0.00004483
0.00058919
0.00095580
0.00109257
0.00115157
0.00117776
0.00118838
0.00118918
0.00118342
0.00117224
0.00115701
0.00113807
0.00111558
0.00108972
0.00106059
0.00102817
0.00099245
0.00095345
0.00091023
0.00004696
0.00060811
0.00096440
0.00109720
0.00115389
0.00117948
0.00118872
0.00118897
0.00118229
0.00117058
0.00115480
0.00113522
0.00111208
0.00108560
0.00105582
0.00102271
0.00098628
0.00094655
0.00090233
0.00004827
0.00061964
0.00096964
0.00110003
0.00115531
0.00118054
0.00118893
0.00118885
0.00118159
0.00116957
0.00115344
0.00113343
0.00110993
0.00108308
0.00105290
0.00101938
0.00098251
0.00094232
0.00089781
0.00004884
0.00062471
0.00097194
0.00110127
0.00115593
0.00118094
0.00118902
0.00118878
0.00118129
0.00116913
0.00115285
0.00113265
0.00110899
0.00108198
0.00105162
0.00101791
0.00098085
0.00094045
0.00089591
0.00004878
0.00062421
0.00097171
0.00110115
0.00115587
0.00118092
0.00118901
0.00118879
0.00118132
0.00116917
0.00115291
0.00113272
0.00110908
0.00108208
0.00105174
0.00101805
0.00098100
0.00094062
0.00089608
0.00004821
0.00061914
0.00096942
0.00109991
0.00115525
0.00118049
0.00118892
0.00118885
0.00118162
0.00116961
0.00115350
0.00113350
0.00111002
0.00108318
0.00105301
0.00101950
0.00098264
0.00094246
0.00089794
0.00004724
0.00061059
0.00096553
0.00109781
0.00115420
0.00117971
0.00118876
0.00118895
0.00118213
0.00117036
0.00115450
0.00113482
0.00111160
0.00108504
0.00105516
0.00102196
0.00098542
0.00094557
0.00090120
0.00004601
0.00059970
0.00096058
0.00109515
0.00115286
0.00117872
0.00118857
0.00118906
0.00118279
0.00117132
0.00115577
0.00113650
0.00111362
0.00108741
0.00105791
0.00102509
0.00098897
0.00094954
0.00090574
0.00004466
0.00058778
0.00095517
0.00109223
0.00115140
0.00117763
0.00118836
0.00118919
0.00118350
0.00117236
0.00115717
0.00113827
0.00111582
0.00109001
0.00106091
0.00102853
0.00099285
0.00095389
0.00091071
0.00004336
0.00057631
0.00094996
0.00108942
0.00114999
0.00117659
0.00118815
0.00118932
0.00118417
0.00117337
0.00115851
0.00113997
0.00111794
0.00109250
0.00106380
0.00103183
0.00099659
0.00095807
0.00091550
0.00004231
0.00056694
0.00094570
0.00108713
0.00114826
0.00117573
0.00118798
0.00118942
0.00118456
0.00117419
0.00115961
0.00114135
0.00111963
0.00109454
0.00106616
0.00103453
0.00099964
0.00096148
0.00091940
0.00004169
0.00056150
0.00094323
0.00108579
0.00114715
0.00117524
0.00118788
0.00118948
0.00118478
0.00117467
0.00116025
0.00114216
0.00112062
0.00109573
0.00106753
0.00103610
0.00100141
0.00096347
0.00092167
0.00004169
0.00056150
0.00094323
0.00108579
0.00114715
0.00117524
0.00118788
0.00118948
0.00118478
0.00117467
0.00116025
0.00114216
0.00112062
0.00109573
0.00106753
0.00103610
0.00100141
0.00096347
0.00092167
0.00004231
0.00056695
0.00094570
0.00108713
0.00114826
0.00117573
0.00118798
0.00118942
0.00118456
0.00117419
0.00115961
0.00114135
0.00111963
0.00109454
0.00106616
0.00103453
0.00099964
0.00096148
0.00091940
0.00004336
0.00057631
0.00094996
0.00108942
0.00114999
0.00117659
0.00118815
0.00118932
0.00118417
0.00117337
0.00115851
0.00113997
0.00111794
0.00109250
0.00106380
0.00103183
0.00099659
0.00095807
0.00091550
0.00004466
0.00058778
0.00095517
0.00109223
0.00115140
0.00117763
0.00118836
0.00118919
0.00118350
0.00117236
0.00115717
0.00113827
0.00111582
0.00109001
0.00106091
0.00102853
0.00099285
0.00095389
0.00091071
0.00004601
0.00059970
0.00096058
0.00109515
0.00115286
0.00117872
0.00118857
0.00118906
0.00118279
0.00117132
0.00115577
0.00113650
0.00111362
0.00108741
0.00105790
0.00102509
0.00098897
0.00094954
0.00090574
0.00004724
0.00061058
0.00096553
0.00109781
0.00115420
0.00117971
0.00118876
0.00118895
0.00118213
0.00117036
0.00115450
0.00113482
0.00111160
0.00108504
0.00105516
0.00102196
0.00098542
0.00094557
0.00090120
0.00004820
0.00061914
0.00096941
0.00109991
0.00115525
0.00118049
0.00118892
0.00118885
0.00118162
0.00116961
0.00115350
0.00113350
0.00111002
0.00108318
0.00105301
0.00101950
0.00098264
0.00094246
0.00089794
0.00004878
0.00062419
0.00097171
0.00110115
0.00115587
0.00118092
0.00118901
0.00118879
0.00118132
0.00116917
0.00115291
0.00113272
0.00110908
0.00108208
0.00105174
0.00101805
0.00098100
0.00094062
0.00089608
0.00004883
0.00062468
0.00097194
0.00110127
0.00115593
0.00118094
0.00118902
0.00118878
0.00118129
0.00116913
0.00115285
0.00113265
0.00110899
0.00108198
0.00105162
0.00101791
0.00098085
0.00094045
0.00089591
0.00004826
0.00061963
0.00096964
0.00110003
0.00115530
0.00118054
0.00118893
0.00118885
0.00118159
0.00116957
0.00115344
0.00113343
0.00110993
0.00108308
0.00105290
0.00101938
0.00098251
0.00094232
0.00089781
0.00004695
0.00060808
0.00096439
0.00109720
0.00115389
0.00117948
0.00118872
0.00118897
0.00118229
0.00117058
0.00115480
0.00113522
0.00111208
0.00108560
0.00105582
0.00102271
0.00098628
0.00094655
0.00090233
0.00004481
0.00058916
0.00095580
0.00109257
0.00115157
0.00117776
0.00118838
0.00118918
0.00118342
0.00117224
0.00115701
0.00113807
0.00111558
0.00108972
0.00106059
0.00102817
0.00099245
0.00095345
0.00091023
0.00004175
0.00056207
0.00094349
0.00108593
0.00114726
0.00117529
0.00118789
0.00118947
0.00118476
0.00117462
0.00116018
0.00114208
0.00112053
0.00109562
0.00106741
0.00103597
0.00100127
0.00096333
0.00092153
0.00003769
0.00052612
0.00092112
0.00107432
0.00113989
0.00117201
0.00118623
0.00118986
0.00118623
0.00117754
0.00116439
0.00114740
0.00112702
0.00110335
0.00107646
0.00104633
0.00101297
0.00097641
0.00093649
0.00003257
0.00048087
0.00088685
0.00105589
0.00113061
0.00116726
0.00118364
0.00118969
0.00118807
0.00118079
0.00116927
0.00115399
0.00113519
0.00111308
0.00108782
0.00105942
0.00102787
0.00099314
0.00095524
0.00003257
0.00048088
0.00088685
0.00105589
0.00113061
0.00116726
0.00118364
0.00118969
0.00118807
0.00118079
0.00116927
0.00115399
0.00113519
0.00111308
0.00108782
0.00105942
0.00102787
0.00099314
0.00095524
0.00003769
0.00052611
0.00092112
0.00107432
0.00113989
0.00117201
0.00118623
0.00118986
0.00118623
0.00117754
0.00116439
0.00114740
0.00112702
0.00110335
0.00107646
0.00104633
0.00101297
0.00097641
0.00093649
0.00004175
0.00056206
0.00094349
0.00108593
0.00114726
0.00117529
0.00118789
0.00118947
0.00118476
0.00117462
0.00116018
0.00114208
0.00112053
0.00109562
0.00106741
0.00103597
0.00100128
0.00096333
0.00092153
0.00004481
0.00058916
0.00095580
0.00109257
0.00115157
0.00117776
0.00118838
0.00118918
0.00118342
0.00117224
0.00115701
0.00113807
0.00111558
0.00108972
0.00106059
0.00102817
0.00099245
0.00095345
0.00091023
0.00004695
0.00060808
0.00096439
0.00109720
0.00115389
0.00117948
0.00118872
0.00118897
0.00118229
0.00117058
0.00115480
0.00113522
0.00111208
0.00108560
0.00105582
0.00102271
0.00098628
0.00094655
0.00090233
0.00004826
0.00061962
0.00096964
0.00110003
0.00115530
0.00118054
0.00118893
0.00118885
0.00118159
0.00116957
0.00115344
0.00113343
0.00110993
0.00108308
0.00105290
0.00101938
0.00098251
0.00094232
0.00089781
0.00004883
0.00062468
0.00097193
0.00110127
0.00115593
0.00118094
0.00118902
0.00118878
0.00118129
0.00116913
0.00115285
0.00113265
0.00110899
0.00108198
0.00105162
0.00101791
0.00098085
0.00094045
0.00089591
0.00004877
0.00062418
0.00097171
0.00110114
0.00115587
0.00118092
0.00118901
0.00118879
0.00118132
0.00116917
0.00115291
0.00113272
0.00110908
0.00108208
0.00105174
0.00101805
0.00098100
0.00094062
0.00089608
0.00004820
0.00061913
0.00096941
0.00109991
0.00115525
0.00118049
0.00118892
0.00118885
0.00118162
0.00116961
0.00115350
0.00113350
0.00111002
0.00108318
0.00105301
0.00101950
0.00098264
0.00094246
0.00089794
0.00004724
0.00061058
0.00096553
0.00109781
0.00115420
0.00117971
0.00118876
0.00118895
0.00118213
0.00117036
0.00115450
0.00113482
0.00111160
0.00108504
0.00105516
0.00102196
0.00098542
0.00094557
0.00090120
0.00004601
0.00059969
0.00096058
0.00109515
0.00115286
0.00117872
0.00118857
0.00118906
0.00118279
0.00117132
0.00115577
0.00113650
0.00111362
0.00108741
0.00105790
0.00102509
0.00098897
0.00094954
0.00090574
0.00004466
0.00058778
0.00095517
0.00109223
0.00115140
0.00117763
0.00118836
0.00118919
0.00118350
0.00117236
0.00115717
0.00113827
0.00111582
0.00109001
0.00106091
0.00102853
0.00099285
0.00095389
0.00091071
0.00004337
0.00057631
0.00094996
0.00108942
0.00114999
0.00117659
0.00118815
0.00118932
0.00118417
0.00117337
0.00115851
0.00113997
0.00111794
0.00109250
0.00106380
0.00103183
0.00099659
0.00095807
0.00091550
0.00004231
0.00056695
0.00094571
0.00108713
0.00114826
0.00117573
0.00118798
0.00118942
0.00118456
0.00117419
0.00115961
0.00114135
0.00111963
0.00109454
0.00106616
0.00103453
0.00099964
0.00096148
0.00091940
0.00004170
0.00056152
0.00094324
0.00108579
0.00114715
0.00117524
0.00118788
0.00118948
0.00118478
0.00117467
0.00116025
0.00114216
0.00112062
0.00109573
0.00106753
0.00103610
0.00100141
0.00096347
0.00092167
0.00004170
0.00056152
0.00094324
0.00108579
0.00114715
0.00117524
0.00118788
0.00118948
0.00118478
0.00117467
0.00116025
0.00114216
0.00112062
0.00109573
0.00106753
0.00103610
0.00100141
0.00096347
0.00092167
0.00004231
0.00056695
0.00094571
0.00108713
0.00114826
0.00117573
0.00118798
0.00118942
0.00118456
0.00117419
0.00115961
0.00114135
0.00111963
0.00109454
0.00106616
0.00103453
0.00099964
0.00096148
0.00091940
0.00004337
0.00057631
0.00094996
0.00108942
0.00114999
0.00117659
0.00118815
0.00118932
0.00118417
0.00117337
0.00115851
0.00113997
0.00111794
0.00109250
0.00106380
0.00103183
0.00099659
0.00095807
0.00091550
0.00004466
0.00058778
0.00095517
0.00109223
0.00115140
0.00117763
0.00118836
0.00118919
0.00118350
0.00117236
0.00115717
0.00113827
0.00111582
0.00109001
0.00106091
0.00102853
0.00099285
0.00095389
0.00091071
0.00004601
0.00059969
0.00096058
0.00109515
0.00115286
0.00117872
0.00118857
0.00118906
0.00118279
0.00117132
0.00115577
0.00113650
0.00111362
0.00108741
0.00105790
0.00102509
0.00098897
0.00094954
0.00090574
0.00004724
0.00061058
0.00096553
0.00109781
0.00115420
0.00117971
0.00118876
0.00118895
0.00118213
0.00117036
0.00115450
0.00113482
0.00111160
0.00108504
0.00105516
0.00102196
0.00098542
0.00094557
0.00090120
0.00004820
0.00061913
0.00096941
0.00109991
0.00115525
0.00118049
0.00118892
0.00118885
0.00118162
0.00116961
0.00115350
0.00113350
0.00111002
0.00108318
0.00105301
0.00101950
0.00098264
0.00094246
0.00089794
0.00004877
0.00062418
0.00097171
0.00110114
0.00115587
0.00118092
0.00118901
0.00118879
0.00118132
0.00116917
0.00115291
0.00113272
0.00110908
0.00108208
0.00105174
0.00101805
0.00098100
0.00094062
0.00089608
0.00004883
0.00062468
0.00097193
0.00110127
0.00115593
0.00118094
0.00118902
0.00118878
0.00118129
0.00116913
0.00115285
0.00113265
0.00110899
0.00108198
0.00105162
0.00101791
0.00098085
0.00094045
0.00089591
0.00004826
0.00061962
0.00096964
0.00110003
0.00115530
0.00118054
0.00118893
0.00118885
0.00118159
0.00116957
0.00115344
0.00113343
0.00110993
0.00108308
0.00105290
0.00101938
0.00098251
0.00094232
0.00089781
0.00004695
0.00060808
0.00096439
0.00109720
0.00115389
0.00117948
0.00118872
0.00118897
0.00118229
0.00117058
0.00115480
0.00113522
0.00111208
0.00108560
0.00105582
0.00102271
0.00098628
0.00094655
0.00090233
0.00004481
0.00058916
0.00095580
0.00109257
0.00115157
0.00117776
0.00118838
0.00118918
0.00118342
0.00117224
0.00115701
0.00113807
0.00111558
0.00108972
0.00106059
0.00102817
0.00099245
0.00095345
0.00091023
0.00004175
0.00056206
0.00094349
0.00108593
0.00114726
0.00117529
0.00118789
0.00118947
0.00118476
0.00117462
0.00116018
0.00114208
0.00112053
0.00109562
0.00106741
0.00103597
0.00100128
0.00096333
0.00092153
0.00003769
0.00052611
0.00092112
0.00107432
0.00113989
0.00117201
0.00118623
0.00118986
0.00118623
0.00117754
0.00116439
0.00114740
0.00112702
0.00110335
0.00107646
0.00104633
0.00101297
0.00097641
0.00093649
0.00003257
0.00048088
0.00088685
0.00105589
0.00113061
0.00116726
0.00118364
0.00118969
0.00118807
0.00118079
0.00116927
0.00115399
0.00113519
0.00111308
0.00108782
0.00105942
0.00102787
0.00099314
0.00095524
); 
     }
 
    OUTLET 
    {
        type            zeroGradient;
    }

    WALL
    {
        type            fixedValue;
        value           uniform 1e-40;
    }
}

// ************************************************************************* // 
